1 1 1 1 2 1 1 1 3 1 1 1 1 1 t o r d u l a b a 
1 1 1 1 1 1 1 1 1 1 1 1 1 
2 1 2 1 1 1 1 1 1 1 1 1 
1 1 1 1 1 1 1 1 3 1 3 1 
1 1 1 1 1 1 1 1 1 1 1 1 
3 1 1 1 1 1 2 2 2 1 1 1 
1 1 2 1 2 1 1 1 1 1 2 1 
1 1 1 1 1 1 1 1 1 1 1

1 1 1 1 2 1 1 1 3 1 1
1 1 1 h u r g a l i o 
s 1 1 1 1 1 1 1 1 1 1 
1 1 1 2 1 2 1 1 1 1 1 
1 1 1 1 1 1 1 1 1 1 1 
1 3 1 3 1 1 1 1 1 1 1 
1 1 1 1 1 1 3 1 1 1 1 
1 2 2 2 1 1 1 1 1 2 1 
2 1 1 1 1 1 2 1 1 1 1 
1 1 1 1 1 1 1 1

1 1 1 1 h 1 1 1 3 1 1 1
1 1 h u u g a l i o s 1 
1 1 1 r 1 1 1 1 1 1 1 1 
2 1 2 g 1 1 1 1 1 1 1 1 
1 1 1 a 1 1 1 1 3 1 3 1 
1 1 1 l 1 1 1 1 1 1 1 1 
3 1 1 i 1 1 2 2 2 1 1 1 
1 1 2 o 2 1 1 1 1 1 2 1 
1 1 1 s 1 1 1 1 1 1 1

1 1 1 1 h 1 1 1 3 1 1 1
1 1 h h u r g a l i o s 
1 1 1 1 r 1 1 1 1 1 1 1 
1 2 1 2 g 1 1 1 1 1 1 1 
1 1 1 1 a 1 1 1 1 3 1 3 
1 1 1 1 l 1 1 1 1 1 1 1 
1 3 1 1 i 1 1 2 2 2 1 1 
1 1 1 2 o 2 1 1 1 1 1 2 
1 1 1 1 s 1 1 1 1 1 1 1

1 1 1 1 h 1 1 1 3 1 1 t 
1 1 h h u r g a l i o o 
1 1 1 1 r 1 1 1 1 1 1 r 
1 2 1 2 g 1 1 1 1 1 1 d 
1 1 1 1 a 1 1 1 1 3 1 u 
1 1 1 1 l 1 1 1 1 1 1 l 
1 3 1 1 i 1 1 2 2 2 1 a 
1 1 1 2 o 2 1 1 1 1 1 b 
1 1 1 1 s 1 1 1 1 1 1 a

1 1 1 1 h 1 1 1 3 1 1 t 
1 1 h h u r g a l i o o 
1 1 1 1 r 1 1 1 1 1 1 r 
1 2 1 2 g 1 1 1 1 1 1 d 
1 1 1 1 a 1 1 1 1 3 1 u 
1 1 1 1 l 1 1 1 1 1 1 l 
1 t o r d u l a b a a 1 
1 1 2 o 2 1 1 1 1 1 b 1 
1 1 1 s 1 1 1 1 1 1 a

1 1 1 1 h 1 1 1 3 1 1 t
t o r d u l a b a o o 1 1 1 1 r 1 1 1 1 1 1 r 1 2 1 2 g 1 1 1 1 1 1 d 1 1 1 1 a 1 1 1 1 3 1 u 1 1 1 1 l 1 1 1 1 1 1 l 1 t o r d u l a b a a 1 1 1 2 o 2 1 1 1 1 1 b 1 1 1 1 s 1 1 1 1 1 1 a

1 1 1 1 h 1 1 1 3 1 1 t t o r d u l a b a o o 1 1 1 1 r 1 1 1 1 1 1 r 1 2 1 2 g 1 1 1 1 1 1 d 1 1 1 1 a 1 1 1 1 3 1 u 1 1 1 1 l 1 1 1 1 1 1 l 1 h u r g a l i o s 1 1 1 2 o 2 1 1 1 1 1 b 1 1 1 1 s 1 1 1 1 1 1 a

