1 1 1 1 2 1 1 1 3 1 1 1
1 1 t o r d u l a b a 2
1 1 1 1 1 1 1 1 1 1 1 1
1 2 1 2 1 1 1 1 1 1 1 1
1 1 1 1 1 1 1 1 1 3 1 3
1 1 1 1 1 1 1 1 1 1 1 1
1 3 1 1 1 1 1 2 2 2 1 1
1 1 1 2 1 2 1 1 1 1 1 2
1 1 1 1 1 1 1 1 1 1 1 1

 tordulaba at location 1,2 (90) with a score of 97 
 
1 1 1 1 2 1 1 1 3 1 1 1
1 1 h u r g a l i o s 2
1 1 1 1 1 1 1 1 1 1 1 1
1 2 1 2 1 1 1 1 1 1 1 1
1 1 1 1 1 1 1 1 1 3 1 3
1 1 1 1 1 1 1 1 1 1 1 1
1 3 1 1 1 1 1 2 2 2 1 1
1 1 1 2 1 2 1 1 1 1 1 2
1 1 1 1 1 1 1 1 1 1 1 1

 hurgalios at location 1,2 (90) with a score of 92 
 
1 1 1 1 h 1 1 1 3 1 1 1
1 1 1 1 u 1 1 1 1 2 1 2
1 1 1 1 r 1 1 1 1 1 1 1
1 2 1 2 g 1 1 1 1 1 1 1
1 1 1 1 a 1 1 1 1 3 1 3
1 1 1 1 l 1 1 1 1 1 1 1
1 3 1 1 i 1 1 2 2 2 1 1
1 1 1 2 o 2 1 1 1 1 1 2
1 1 1 1 s 1 1 1 1 1 1 1

 hurgalios at location 0,4 (180) with a score of 88 
 
1 1 1 1 2 1 1 1 3 1 1 1
1 1 1 h u r g a l i o s
1 1 1 1 1 1 1 1 1 1 1 1
1 2 1 2 1 1 1 1 1 1 1 1
1 1 1 1 1 1 1 1 1 3 1 3
1 1 1 1 1 1 1 1 1 1 1 1
1 3 1 1 1 1 1 2 2 2 1 1
1 1 1 2 1 2 1 1 1 1 1 2
1 1 1 1 1 1 1 1 1 1 1 1

 hurgalios at location 1,3 (90) with a score of 86 
 
1 1 1 1 2 1 1 1 3 1 1 t
1 1 1 1 4 1 1 1 1 2 1 o
1 1 1 1 1 1 1 1 1 1 1 r
1 2 1 2 1 1 1 1 1 1 1 d
1 1 1 1 1 1 1 1 1 3 1 u
1 1 1 1 1 1 1 1 1 1 1 l
1 3 1 1 1 1 1 2 2 2 1 a
1 1 1 2 1 2 1 1 1 1 1 b
1 1 1 1 1 1 1 1 1 1 1 a

 tordulaba at location 0,11 (180) with a score of 82 
 
1 1 1 1 2 1 1 1 3 1 1 1
1 1 1 1 4 1 1 1 1 2 1 2
1 1 1 1 1 1 1 1 1 1 1 1
1 2 1 2 1 1 1 1 1 1 1 1
1 1 1 1 1 1 1 1 1 3 1 3
1 1 1 1 1 1 1 1 1 1 1 1
1 t o r d u l a b a 1 1
1 1 1 2 1 2 1 1 1 1 1 2
1 1 1 1 1 1 1 1 1 1 1 1

 tordulaba at location 6,1 (90) with a score of 81 
 
1 1 1 1 2 1 1 1 3 1 1 1
t o r d u l a b a 2 1 2
1 1 1 1 1 1 1 1 1 1 1 1
1 2 1 2 1 1 1 1 1 1 1 1
1 1 1 1 1 1 1 1 1 3 1 3
1 1 1 1 1 1 1 1 1 1 1 1
1 3 1 1 1 1 1 2 2 2 1 1
1 1 1 2 1 2 1 1 1 1 1 2
1 1 1 1 1 1 1 1 1 1 1 1

 tordulaba at location 1,0 (90) with a score of 80 
 
1 1 1 1 2 1 1 1 3 1 1 1
1 1 1 1 4 1 1 1 1 2 1 2
1 1 1 1 1 1 1 1 1 1 1 1
1 2 1 2 1 1 1 1 1 1 1 1
1 1 1 1 1 1 1 1 1 3 1 3
1 1 1 1 1 1 1 1 1 1 1 1
1 h u r g a l i o s 1 1
1 1 1 2 1 2 1 1 1 1 1 2
1 1 1 1 1 1 1 1 1 1 1 1

 hurgalios at location 6,1 (90) with a score of 78 
 
